510.311 
510.312
510.313 
510.314 
510.315 
510.316 
510.403 
510.407
510.410 
510.415 
510.421
510.422 
510.426 
510.430 
510.431 
510.443 
510.435 
510.606 
530.410 
530.426 
530.445 
530.448 
540.301 
540.303 
540.304 
540.306 
540.400 
540.402
540.403
540.405
540.409
540.421
540.422
540.426
540.414
540.428
540.437
540.440
540.459
540.460
550.391
580.420
580.425
580.440
580.441
580.442
580.448
580.451
580.452
580.455
580.492
580.495
670.495
670.619
020.300
020.336
020.363
020.373
250.326
250.391
580.460