520.414
520.414
520.435
520.447
530.410
540.303 
540.400 
540.409
540.414
550.361
550.362 
550.371
550.391
550.400
550.401
550.413 
550.420
550.426
550.430
550.433 
550.436
550.437 
550.450
550.463 
550.472 
550.475
550.491 
550.492 
550.493
550.620
550.621 
550.630 
550.631 
550.635
580.420
580.425
580.427
580.435
580.439
580.445
580.448
580.464
580.466
580.472
580.474
580.475
580.482
580.688
580.491
580.492
580.651
580.689
600.226
600.315
600.320
600.325
600.233
600.336
600.337
600.361
600.363
600.412
600.433
600.435
600.439
600.443
600.445
600.446
600.450
600.461
600.465
600.466
600.478
110.311
110.405
110.421
110.443
600.271
580.460