520.326
520.401
520.410
520.413
520.414
520.415
520.432
520.433
520.434
520.435
520.447 
520.465
520.483
520.484
520.493
520.646
520.651 
520.673
520.746
520.748
550.361
550.391
550.413
550.426
550.433
550.436
550.437
550.472
550.491
550.620 
550.621 
550.630
550.631 
550.661
550.662
580.464
580.466
580.470
580.471
580.472
580.473
580.474
580.476
580.477
580.478
580.479
580.679 
580.483
580.683
580.484
580.684
580.485
580.685
580.491
580.493
580.693
580.673 
580.677
580.681
580.702 
580.703
580.744
580.748
600.226
600.315
600.357
600.361
600.445 
600.446
600.461
600.475
600.630
600.746
110.405 
520.214
110.443 
580.322