510.311
510.316
510.407
510.410
520.345
520.353
520.372
520.401
520.414
520.415
520.432
520.454
520.465
520.493
520.636
530.327
530.343
530.414
530.420
530.426
530.444
530.445
530.446
530.448
530.457
530.487
540.303
540.304
540.409
540.414
540.400
550.361
550.362
530.371
550.386
550.391
550.400
550.401
550.420
550.430
550.435
550.437
550.450
580.315
580.420
580.425
580.426
580.427
580.431
580.434
580.439
580.445
580.466
580.448
580.450
580.455
580.456
580.472
580.473
580.474
580.491
580.492
580.630
580.635
600.336
600.445
600.446
600.465
020.310
080.305
520.213
520.214
520.216
530.201
530.215
580.460